Date_reported, Country_code, Country, WHO_region, New_cases, Cumulative_cases, New_deaths, Cumulative_deaths
06-06-2020,IN,India,SEARO,9887,236657,294,6642
07-06-2020,IN,India,SEARO,9971,246628,287,6929
08-06-2020,IN,India,SEARO,9983,256611,206,7135
09-06-2020,IN,India,SEARO,9987,266598,331,7466
10-06-2020,IN,India,SEARO,9985,276583,279,7745
11-06-2020,IN,India,SEARO,9996,286579,357,8102
12-06-2020,IN,India,SEARO,10956,297535,396,8498
13-06-2020,IN,India,SEARO,11458,308993,386,8884
14-06-2020,IN,India,SEARO,11929,320922,311,9195
15-06-2020,IN,India,SEARO,11502,332424,325,9520
16-06-2020,IN,India,SEARO,10667,343091,380,9900
17-06-2020,IN,India,SEARO,10974,354065,2003,11903
18-06-2020,IN,India,SEARO,12881,366946,334,12237
19-06-2020,IN,India,SEARO,13586,380532,336,12573
20-06-2020,IN,India,SEARO,14516,395048,375,12948
21-06-2020,IN,India,SEARO,15413,410461,306,13254
22-06-2020,IN,India,SEARO,14821,425282,445,13699
23-06-2020,IN,India,SEARO,14933,440215,312,14011
24-06-2020,IN,India,SEARO,15968,456183,465,14476
25-06-2020,IN,India,SEARO,16922,473105,418,14894
26-06-2020,IN,India,SEARO,17296,490401,407,15301
27-06-2020,IN,India,SEARO,18552,508953,384,15685
28-06-2020,IN,India,SEARO,19906,528859,410,16095
29-06-2020,IN,India,SEARO,19459,548318,380,16475
30-06-2020,IN,India,SEARO,18522,566840,418,16893
01-07-2020,IN,India,SEARO,18653,585493,507,17400
02-07-2020,IN,India,SEARO,19148,604641,434,17834
03-07-2020,IN,India,SEARO,20903,625544,379,18213
,,,,,,,
,,,,,,,
,,,,,,,
,,,,,,,
,,,,,,,
,,,,,,,
,,,,,,,
,,,,,,,
,,,,,,,
,,,,,,,
,,,,,,,
,,,,,,,
,,,,,,,
,,,,,,,
,,,,,,,
,,,,,,,
,,,,,,,
,,,,,,,
,,,,,,,
,,,,,,,
,,,,,,,
,,,,,,,
,,,,,,,
,,,,,,,
,,,,,,,
,,,,,,,
,,,,,,,
,,,,,,,
,,,,,,,
,,,,,,,
,,,,,,,
,,,,,,,
,,,,,,,
,,,,,,,
,,,,,,,
,,,,,,,
,,,,,,,
,,,,,,,
,,,,,,,
,,,,,,,
,,,,,,,
,,,,,,,
,,,,,,,
,,,,,,,
,,,,,,,
,,,,,,,
,,,,,,,
,,,,,,,
,,,,,,,
,,,,,,,
,,,,,,,
,,,,,,,
,,,,,,,
,,,,,,,
,,,,,,,
,,,,,,,
,,,,,,,
,,,,,,,
,,,,,,,
,,,,,,,
,,,,,,,
,,,,,,,
,,,,,,,
,,,,,,,
,,,,,,,
,,,,,,,
,,,,,,,
,,,,,,,
,,,,,,,
,,,,,,,
,,,,,,,
,,,,,,,
,,,,,,,
,,,,,,,
,,,,,,,
,,,,,,,
,,,,,,,
,,,,,,,
,,,,,,,
,,,,,,,
,,,,,,,
,,,,,,,
,,,,,,,
,,,,,,,
,,,,,,,
,,,,,,,
,,,,,,,
,,,,,,,
,,,,,,,
,,,,,,,
,,,,,,,
,,,,,,,
,,,,,,,
,,,,,,,
,,,,,,,
,,,,,,,
,,,,,,,
,,,,,,,
,,,,,,,
,,,,,,,
,,,,,,,
,,,,,,,
,,,,,,,
,,,,,,,
,,,,,,,
,,,,,,,
,,,,,,,
,,,,,,,
,,,,,,,
,,,,,,,
,,,,,,,
,,,,,,,
,,,,,,,
,,,,,,,
,,,,,,,
,,,,,,,
,,,,,,,
,,,,,,,
,,,,,,,
,,,,,,,
,,,,,,,
,,,,,,,
,,,,,,,
,,,,,,,
,,,,,,,
,,,,,,,
,,,,,,,
,,,,,,,
